robots: 3, 49, 4490, 2, 2666
earth: 2674, 928, 2021, 994, 669
swarm : 3, 4355, 1890, 2428, 2131
swarm: 3, 1890, 4355, 2428
mice: 2428, 1449
robot: 3, 49, 4490
firefighters: 2620, 820
wildfires: 3170, 3348, 991, 2925, 1802
Cyprus: 3170, 2065, 4711
Greece: 3348, 3539, 2662, 2407, 3377
Europe: 2925, 2021, 3412, 668, 2102
Weather: 954, 2978, 2245, 4253, 119
whiplash: 954, 1195, 1038
disaster: 3348, 202, 1893, 4668, 1185
decade: 202, 1502, 1882, 3817, 327
war: 4287, 816, 2009, 2231, 3261
yemen: 816, 1026, 441, 3866, 808
food: 3, 2428, 816, 1026, 808
FOOD: 3, 2428, 816, 1026, 808
WAR: 2428, 816, 4287, 2009, 441
wat: 
wars: 2428, 816, 808, 4287, 2009
cars: 3348, 2925, 3539, 4711, 1195
eat: 816, 2428, 3, 808, 3348
machine: 3261, 1129, 1931, 4168, 1795
car: 3348, 2925, 1195, 3539, 4711
computr: 
computer: 1795, 2364, 4230, 31, 1309
wrrior: 1502, 1844, 4316, 1470, 2565
